[
    {
        "|front": [
            1.0, 
            0.0, 
            0.0, 
            0.0, 
            0.0, 
            1.0, 
            0.0, 
            0.0, 
            0.0, 
            0.0, 
            1.0, 
            0.0, 
            0.0, 
            0.0, 
            1000.1, 
            1.0
        ]
    }, 
    {
        "|pCube1": [
            1.0, 
            0.0, 
            0.0, 
            0.0, 
            0.0, 
            1.0, 
            0.0, 
            0.0, 
            0.0, 
            0.0, 
            1.0, 
            0.0, 
            0.0, 
            0.0, 
            0.0, 
            1.0
        ]
    }, 
    {
        "|pCylinder1": [
            1.0, 
            0.0, 
            0.0, 
            0.0, 
            0.0, 
            1.0, 
            0.0, 
            0.0, 
            0.0, 
            0.0, 
            1.0, 
            0.0, 
            0.0, 
            0.0, 
            0.0, 
            1.0
        ]
    }, 
    {
        "|pSphere1": [
            1.0, 
            0.0, 
            0.0, 
            0.0, 
            0.0, 
            1.0, 
            0.0, 
            0.0, 
            0.0, 
            0.0, 
            1.0, 
            0.0, 
            0.0, 
            0.0, 
            0.0, 
            1.0
        ]
    }, 
    {
        "|persp": [
            0.7071067811865479, 
            0.0, 
            -0.7071067811865471, 
            0.0, 
            -0.3312945782245397, 
            0.8834522085987722, 
            -0.33129457822454006, 
            0.0, 
            0.6246950475544238, 
            0.4685212856658185, 
            0.6246950475544244, 
            0.0, 
            27.838256377273883, 
            22.674307531217053, 
            26.906012974313327, 
            1.0
        ]
    }, 
    {
        "|side": [
            2.220446049250313e-16, 
            0.0, 
            -1.0, 
            0.0, 
            0.0, 
            1.0, 
            0.0, 
            0.0, 
            1.0, 
            0.0, 
            2.220446049250313e-16, 
            0.0, 
            1000.1, 
            0.0, 
            0.0, 
            1.0
        ]
    }, 
    {
        "|top": [
            1.0, 
            0.0, 
            0.0, 
            0.0, 
            0.0, 
            2.220446049250313e-16, 
            -1.0, 
            0.0, 
            0.0, 
            1.0, 
            2.220446049250313e-16, 
            0.0, 
            0.0, 
            1000.1, 
            0.0, 
            1.0
        ]
    }
]